00 00 00 00 00 00 00 00 00 00
00 00 00 00 00 00 00 00 00 00
00 00 00 00 00 00 00 00 00 00
00 00 00 00 00 00 00 00 00 00
72 1a 40 00 00 00 00 00 

48 c7 c7 c3 53 2d 4b 68 a0 1a
40 00 c3 00 00 00 00 00 00 00
00 00 00 00 00 00 00 00 00 00
00 00 00 00 00 00 00 00 00 00
38 98 64 55 00 00 00 00

48 c7 c7 68 98 64 55 68 b7 1b
40 00 c3 00 00 00 00 00 00 00
00 00 00 00 00 00 00 00 00 00
00 00 00 00 00 00 00 00 00 00
38 98 64 55 00 00 00 00
34 62 32 64 35 33 63 33 00

00 00 00 00 00 00 00 00 00 00 
00 00 00 00 00 00 00 00 00 00
00 00 00 00 00 00 00 00 00 00 
00 00 00 00 00 00 00 00 00 00
b6 1c 40 00 00 00 00 00 c3 53 
2d 4b 00 00 00 00 9b 1c 40 00
00 00 00 00 2e 1a 40 00 00 00 
00 00

00 00 00 00 00 00 00 00 00 00 
00 00 00 00 00 00 00 00 00 00 
00 00 00 00 00 00 00 00 00 00 
00 00 00 00 00 00 00 00 00 00
6b 1d 40 00 00 00 00 00 95 1c 
40 00 00 00 00 00 b6 1c 40 00 
00 00 00 00 48 00 00 00 00 00 
00 00 dd 1c 40 00 00 00 00 00
76 1d 40 00 00 00 00 00 98 1d 
40 00 00 00 00 00 c1 1c 40 00 
00 00 00 00 95 1c 40 00 00 00 
00 00 45 1b 40 00 00 00 00 00
34 62 32 64 35 33 63 33 00

6b 1d 40 00 00 00 00 00 95 1c 
40 00 00 00 00 00 b6 1c 40 00 
00 00 00 00 48 00 00 00 00 00 
00 00 dd 1c 40 00 00 00 00 00
76 1d 40 00 00 00 00 00 98 1d 
40 00 00 00 00 00 c1 1c 40 00 
00 00 00 00 95 1c 40 00 00 00 
00 00 45 1b 40 00 00 00 00 00
34 62 32 64 35 33 63 33 00 00 
00 00 00 00 00 00 00 00 00 00 
00 00 00 00 00 00 00 00 00 00 
00 00 00 00 00 00 00 00 00 00
00 00 00 00 00 00 00 00 00 00 
00 00 28 01 00 00


